{
 "cells": [
  {
   "cell_type": "code",
   "execution_count": 1,
   "metadata": {},
   "outputs": [],
   "source": [
    "import geopandas as gpd\n",
    "import fiona\n",
    "kml_file = \"../files/CTO_113-11.kml\"\n",
    "kml_clean_file = \"../files/Legend.kml\"\n",
    "import pandas as pd\n",
    "\n",
    "gpd.io.file.fiona.drvsupport.supported_drivers['KML'] = 'rw'\n"
   ]
  },
  {
   "cell_type": "code",
   "execution_count": 3,
   "metadata": {},
   "outputs": [
    {
     "data": {
      "text/plain": [
       "'If you wanted to have all the folders of the kml file you can unccoment this block\\nand comment the one below'"
      ]
     },
     "execution_count": 3,
     "metadata": {},
     "output_type": "execute_result"
    }
   ],
   "source": [
    "\"\"\"If you wanted to have all the folders of the kml file you can unccoment this block\n",
    "and comment the one below\"\"\"\n",
    "\n",
    "# df = pd.DataFrame()\n",
    "# for layer in fiona.listlayers(kml_file):\n",
    "#     s = gpd.read_file(kml_file, driver='KML', layer=layer)\n",
    "#     df = pd.concat([df, s], ignore_index=True)"
   ]
  },
  {
   "cell_type": "code",
   "execution_count": 3,
   "metadata": {},
   "outputs": [],
   "source": [
    "# However, at this point we only want the folder with the utility poles.\n",
    "df = gpd.read_file(kml_clean_file, driver='KML')\n",
    "\n",
    "\"\"\" Since the type of the column \"geometry\" is Shapely.Point\n",
    "    we have to change it manually.\"\"\"\n",
    "from shapely import wkt\n",
    "df['str_geometry'] = df.geometry.apply(lambda x: wkt.dumps(x))\n",
    "df['str_geometry'] = df.str_geometry.apply(lambda x: x[9:].split()[:2])\n",
    "df['str_geometry'] = df.str_geometry.apply(lambda x: [x[1],x[0]])\n",
    "df['latitude'] = df.str_geometry.apply(lambda x: x[0])\n",
    "df['longitude'] = df.str_geometry.apply(lambda x: x[1])\n"
   ]
  },
  {
   "cell_type": "code",
   "execution_count": 6,
   "metadata": {},
   "outputs": [
    {
     "data": {
      "text/plain": [
       "array([ 134.93766365,    0.        ,  377.98850348,  650.75689376,\n",
       "        742.85543941, 1087.78417886, 1225.19049465, 1362.00587653,\n",
       "       1465.07426322, 1763.6481921 ,  917.26278127,  196.93035129,\n",
       "        694.85692217,  585.60888157, 1541.8722096 , 1639.61588145,\n",
       "       1590.42266435, 1462.80392791, 1193.36869494, 1085.3147106 ,\n",
       "        960.77249075, 3291.82766179, 3006.3103674 , 2899.36230974,\n",
       "       2792.83944996, 2959.77074126, 2823.42731986, 2692.97107315,\n",
       "       2662.50172985, 3175.51942897, 3277.7120016 , 3386.48772585,\n",
       "       3747.4596386 , 3769.13602885, 2365.85167173, 1864.45421104,\n",
       "       1591.57697208, 1361.41611657, 1225.89960253, 1048.06350915,\n",
       "        968.82967011,  925.91381772,  321.54155262, 4296.67712831,\n",
       "       4496.67957012, 1360.92090874, 1600.58069794, 1130.36186292,\n",
       "       2890.80416037, 2900.04923153, 2898.78957227, 2853.24914774,\n",
       "       3103.62383609, 3121.16099559, 3024.92994733, 3205.2799285 ,\n",
       "       3314.9713103 , 3342.37914265, 3296.11324163, 3372.20228342,\n",
       "       3445.54563862, 3458.81488414, 3537.15378016, 3559.77963126,\n",
       "       3499.23149052, 3575.66861141, 3580.15661669, 3536.31929753,\n",
       "       3507.00935701, 3469.40028689, 3422.16306591, 3353.91534537,\n",
       "       3612.72905492, 3633.17668805, 3646.35755572, 3682.33241493,\n",
       "       3725.63006135, 3774.34367203, 3721.57549252, 3777.6463448 ,\n",
       "       3850.51906776, 3757.02223795, 3754.2165553 , 3717.74277342,\n",
       "       3724.49240212, 3344.72444622, 4041.23711882, 4233.12623882,\n",
       "       3171.76290879, 3698.70289569, 1578.37985645, 3367.85572083,\n",
       "       3401.6421584 , 3437.03962785, 3505.92683022, 3578.25538562,\n",
       "       3598.28077324, 3600.81106511, 3570.49712791, 3599.58358265,\n",
       "       3688.572493  , 3677.746783  , 3683.39649463, 3669.00127609,\n",
       "       3656.42554079, 3663.79493657, 3673.10425434, 3700.44836179,\n",
       "       3604.50804127, 3892.7067237 , 3912.80795512, 3911.28459362,\n",
       "       3921.61189689, 3945.28301245, 4032.08732617, 3991.00283806,\n",
       "       3985.8792808 , 4059.85474327, 4127.23855238, 4094.3030186 ,\n",
       "       4306.03330808, 4417.13663975, 4483.9097862 , 3963.05488511,\n",
       "       3925.62465106, 3955.5736674 , 3933.35315421, 3941.22083112,\n",
       "       3941.39094543, 3951.29369671, 3985.77698998, 4164.47881109,\n",
       "       3671.27644943, 3647.9388931 , 3324.61326564, 3467.2529909 ,\n",
       "       3483.45710397, 3286.72016166, 3254.43607157, 3227.85439325,\n",
       "       3201.23993505, 3163.13872901, 3069.42390657, 3012.61156639,\n",
       "       2863.53164071, 2813.90846757, 2778.48447247, 2749.98696775,\n",
       "       2729.56510824, 2711.42884267, 2711.15274311, 2708.80741079,\n",
       "       2718.3517762 , 2752.18238042, 3357.76983538, 3581.27208638,\n",
       "       3668.51851196, 3585.83453593, 3965.61600305,  505.25895736,\n",
       "       3166.8164751 , 4058.08597776, 2888.3848608 , 2883.55339637,\n",
       "       2705.93786799, 2741.30838784, 3848.74212822, 3851.60925551,\n",
       "       3909.1368587 , 3911.9247381 , 3339.19870375, 2896.55415362])"
      ]
     },
     "execution_count": 6,
     "metadata": {},
     "output_type": "execute_result"
    }
   ],
   "source": [
    "\"\"\" It'd be a great idea to get the distances between every single utility pole\n",
    "    before starting the actual algorithm\"\"\"\n",
    "import geopandas as gpd\n",
    "from geopy.distance import geodesic\n",
    "from scipy.spatial.distance import pdist, squareform\n",
    "coords = df[['latitude', 'longitude']].values\n",
    "dist_matrix = list(squareform(pdist(coords, lambda u, v: geodesic(u, v).meters)))"
   ]
  },
  {
   "cell_type": "code",
   "execution_count": 86,
   "metadata": {},
   "outputs": [],
   "source": [
    "\"\"\" Now that we have a matrix, which each element Aij, represents the distance\n",
    "    from pole i to pole j, we want to associate those distances with each pole\n",
    "    \"\"\"\n",
    "poles_names = list(df.Name)\n",
    "graph = {}\n",
    "for i in range(len(poles_names)):\n",
    "    graph[poles_names[i]] = []\n",
    "    for j in range(len(poles_names)):\n",
    "        if j == i: continue # We don't want to include distance from i to i, which is obviously 0.\n",
    "        graph[poles_names[i]] += [(poles_names[j],dist_matrix[i][j])]"
   ]
  },
  {
   "cell_type": "code",
   "execution_count": 96,
   "metadata": {},
   "outputs": [
    {
     "data": {
      "text/plain": [
       "[('POSTE_113-11124', 'POSTE_113-11159', 2.8651355714296676),\n",
       " ('POSTE_113-11159', 'POSTE_113-11124', 2.8651355714296676),\n",
       " ('POSTE_113-11169', 'POSTE_113-11170', 2.870196147077509),\n",
       " ('POSTE_113-11170', 'POSTE_113-11169', 2.870196147077509),\n",
       " ('POSTE_113-11167', 'POSTE_113-11168', 2.981948056018276),\n",
       " ('POSTE_113-11168', 'POSTE_113-11167', 2.981948056018276),\n",
       " ('POSTE_113-11111', 'POSTE_113-11112', 4.1330794708308645),\n",
       " ('POSTE_113-11112', 'POSTE_113-11111', 4.1330794708308645),\n",
       " ('POSTE_113-1175', 'POSTE_113-11134', 6.508051498124716),\n",
       " ('POSTE_113-11134', 'POSTE_113-1175', 6.508051498124716),\n",
       " ('POSTE_113-11127', 'POSTE_113-11129', 8.038883734613615),\n",
       " ('POSTE_113-11129', 'POSTE_113-11127', 8.038883734613615),\n",
       " ('POSTE_113-1130', 'POSTE_113-11161', 8.712003589792864),\n",
       " ('POSTE_113-11161', 'POSTE_113-1130', 8.712003589792864),\n",
       " ('POSTE_113-11104', 'POSTE_113-11106', 9.963959196052349),\n",
       " ('POSTE_113-11106', 'POSTE_113-11104', 9.963959196052349),\n",
       " ('POSTE_113-1176', 'POSTE_113-11133', 12.536366875354329),\n",
       " ('POSTE_113-11133', 'POSTE_113-1176', 12.536366875354329),\n",
       " ('POSTE_113-11128', 'POSTE_113-11130', 12.812633701223877),\n",
       " ('POSTE_113-11130', 'POSTE_113-11128', 12.812633701223877),\n",
       " ('POSTE_113-1161', 'POSTE_113-1162', 14.17931247603843),\n",
       " ('POSTE_113-1162', 'POSTE_113-1161', 14.17931247603843),\n",
       " ('POSTE_113-1166', 'POSTE_113-1199', 16.88206455881605),\n",
       " ('POSTE_113-1199', 'POSTE_113-1166', 16.88206455881605),\n",
       " ('POSTE_113-1122', 'POSTE_113-1159', 19.334940281987247),\n",
       " ('POSTE_113-1159', 'POSTE_113-1122', 19.334940281987247),\n",
       " ('POSTE_113-11129', 'POSTE_113-11130', 20.89432525522005),\n",
       " ('POSTE_113-11130', 'POSTE_113-11129', 20.89432525522005),\n",
       " ('POSTE_113-1171', 'POSTE_113-1193', 21.196746889507615),\n",
       " ('POSTE_113-1193', 'POSTE_113-1171', 21.196746889507615),\n",
       " ('POSTE_113-11150', 'POSTE_113-11151', 22.033934776477246),\n",
       " ('POSTE_113-11151', 'POSTE_113-11150', 22.033934776477246),\n",
       " ('POSTE_113-11104', 'POSTE_113-11105', 22.449166730845104),\n",
       " ('POSTE_113-11105', 'POSTE_113-11104', 22.449166730845104),\n",
       " ('POSTE_113-11101', 'POSTE_113-11102', 22.788356496297958),\n",
       " ('POSTE_113-11102', 'POSTE_113-11101', 22.788356496297958),\n",
       " ('POSTE_113-11156', 'POSTE_113-11158', 22.904341148201755),\n",
       " ('POSTE_113-11158', 'POSTE_113-11156', 22.904341148201755),\n",
       " ('POSTE_113-1182', 'POSTE_113-1183', 23.662065221909266),\n",
       " ('POSTE_113-1183', 'POSTE_113-1182', 23.662065221909266),\n",
       " ('POSTE_113-1149', 'POSTE_113-1150', 23.70295101826469),\n",
       " ('POSTE_113-1150', 'POSTE_113-1149', 23.70295101826469),\n",
       " ('POSTE_113-1133', 'POSTE_113-1134', 25.10909735379818),\n",
       " ('POSTE_113-1134', 'POSTE_113-1133', 25.10909735379818),\n",
       " ('POSTE_113-1166', 'POSTE_113-1167', 25.227200517553054),\n",
       " ('POSTE_113-1167', 'POSTE_113-1166', 25.227200517553054),\n",
       " ('POSTE_113-11127', 'POSTE_113-11130', 25.589467795542017),\n",
       " ('POSTE_113-11130', 'POSTE_113-11127', 25.589467795542017),\n",
       " ('POSTE_113-11110', 'POSTE_113-11111', 25.671285003921128),\n",
       " ('POSTE_113-11111', 'POSTE_113-11110', 25.671285003921128),\n",
       " ('POSTE_113-11116', 'POSTE_113-11117', 25.922566007073502),\n",
       " ('POSTE_113-11117', 'POSTE_113-11116', 25.922566007073502),\n",
       " ('POSTE_113-11124', 'POSTE_113-11129', 26.227123058161197),\n",
       " ('POSTE_113-11129', 'POSTE_113-11124', 26.227123058161197),\n",
       " ('POSTE_113-11128', 'POSTE_113-11129', 26.284114766158357),\n",
       " ('POSTE_113-11129', 'POSTE_113-11128', 26.284114766158357),\n",
       " ('POSTE_113-11110', 'POSTE_113-11112', 27.148397335103624),\n",
       " ('POSTE_113-11112', 'POSTE_113-11110', 27.148397335103624),\n",
       " ('POSTE_113-11127', 'POSTE_113-11128', 27.283244943558074),\n",
       " ('POSTE_113-11128', 'POSTE_113-11127', 27.283244943558074),\n",
       " ('POSTE_113-11113', 'POSTE_113-11114', 27.822687131329996),\n",
       " ('POSTE_113-11114', 'POSTE_113-11113', 27.822687131329996),\n",
       " ('POSTE_113-1163', 'POSTE_113-1164', 27.82399711648928),\n",
       " ('POSTE_113-1164', 'POSTE_113-1163', 27.82399711648928),\n",
       " ('POSTE_113-11115', 'POSTE_113-11118', 27.870581128546455),\n",
       " ('POSTE_113-11118', 'POSTE_113-11115', 27.870581128546455),\n",
       " ('POSTE_113-11105', 'POSTE_113-11106', 28.049266609743377),\n",
       " ('POSTE_113-11106', 'POSTE_113-11105', 28.049266609743377),\n",
       " ('POSTE_113-1184', 'POSTE_113-1190', 28.418239811598927),\n",
       " ('POSTE_113-1190', 'POSTE_113-1184', 28.418239811598927),\n",
       " ('POSTE_113-11106', 'POSTE_113-11107', 28.51269192994423),\n",
       " ('POSTE_113-11107', 'POSTE_113-11106', 28.51269192994423),\n",
       " ('POSTE_113-11129', 'POSTE_113-11159', 29.06980564918018),\n",
       " ('POSTE_113-11159', 'POSTE_113-11129', 29.06980564918018),\n",
       " ('POSTE_113-1183', 'POSTE_113-1185', 29.97255973638056),\n",
       " ('POSTE_113-1185', 'POSTE_113-1183', 29.97255973638056),\n",
       " ('POSTE_113-1157', 'POSTE_113-11171', 30.254108604658853),\n",
       " ('POSTE_113-11171', 'POSTE_113-1157', 30.254108604658853),\n",
       " ('POSTE_113-1175', 'POSTE_113-11133', 30.470084643023792),\n",
       " ('POSTE_113-11133', 'POSTE_113-1175', 30.470084643023792),\n",
       " ('POSTE_113-1168', 'POSTE_113-1169', 30.509480491998623),\n",
       " ('POSTE_113-1169', 'POSTE_113-1168', 30.509480491998623),\n",
       " ('POSTE_113-1196', 'POSTE_113-1197', 30.548525799928136),\n",
       " ('POSTE_113-1197', 'POSTE_113-1196', 30.548525799928136),\n",
       " ('POSTE_113-1199', 'POSTE_113-11100', 31.546506718646256),\n",
       " ('POSTE_113-11100', 'POSTE_113-1199', 31.546506718646256),\n",
       " ('POSTE_113-1162', 'POSTE_113-11136', 32.19287614253153),\n",
       " ('POSTE_113-11136', 'POSTE_113-1162', 32.19287614253153),\n",
       " ('POSTE_113-11124', 'POSTE_113-11127', 33.22989009537092),\n",
       " ('POSTE_113-11127', 'POSTE_113-11124', 33.22989009537092),\n",
       " ('POSTE_113-11152', 'POSTE_113-11153', 33.28746012892821),\n",
       " ('POSTE_113-11153', 'POSTE_113-11152', 33.28746012892821),\n",
       " ('POSTE_113-11133', 'POSTE_113-11134', 33.38525295894438),\n",
       " ('POSTE_113-11134', 'POSTE_113-11133', 33.38525295894438),\n",
       " ('POSTE_113-1169', 'POSTE_113-11137', 33.61826102392767),\n",
       " ('POSTE_113-11137', 'POSTE_113-1169', 33.61826102392767),\n",
       " ('POSTE_113-1197', 'POSTE_113-1198', 33.630463072738834),\n",
       " ('POSTE_113-1198', 'POSTE_113-1197', 33.630463072738834),\n",
       " ('POSTE_113-1150', 'POSTE_113-11172', 33.63342952016989),\n",
       " ('POSTE_113-11172', 'POSTE_113-1150', 33.63342952016989),\n",
       " ('POSTE_113-11151', 'POSTE_113-11152', 33.64702660957449),\n",
       " ('POSTE_113-11152', 'POSTE_113-11151', 33.64702660957449),\n",
       " ('POSTE_113-11136', 'POSTE_113-11137', 34.671417719676676),\n",
       " ('POSTE_113-11137', 'POSTE_113-11136', 34.671417719676676),\n",
       " ('POSTE_113-1172', 'POSTE_113-11135', 34.7448780330388),\n",
       " ('POSTE_113-11135', 'POSTE_113-1172', 34.7448780330388),\n",
       " ('POSTE_113-11124', 'POSTE_113-11130', 35.269297897857285),\n",
       " ('POSTE_113-11130', 'POSTE_113-11124', 35.269297897857285),\n",
       " ('POSTE_113-11102', 'POSTE_113-11103', 35.51730064910684),\n",
       " ('POSTE_113-11103', 'POSTE_113-11102', 35.51730064910684),\n",
       " ('POSTE_113-11110', 'POSTE_113-11113', 35.65768338687111),\n",
       " ('POSTE_113-11113', 'POSTE_113-11110', 35.65768338687111),\n",
       " ('POSTE_113-11104', 'POSTE_113-11107', 35.71203356066274),\n",
       " ('POSTE_113-11107', 'POSTE_113-11104', 35.71203356066274),\n",
       " ('POSTE_113-11127', 'POSTE_113-11159', 36.095020902191614),\n",
       " ('POSTE_113-11159', 'POSTE_113-11127', 36.095020902191614),\n",
       " ('POSTE_113-1185', 'POSTE_113-11101', 36.35082715336719),\n",
       " ('POSTE_113-11101', 'POSTE_113-1185', 36.35082715336719),\n",
       " ('POSTE_113-1174', 'POSTE_113-11134', 36.473153092037165),\n",
       " ('POSTE_113-11134', 'POSTE_113-1174', 36.473153092037165),\n",
       " ('POSTE_113-1166', 'POSTE_113-11100', 37.09561585400699),\n",
       " ('POSTE_113-11100', 'POSTE_113-1166', 37.09561585400699),\n",
       " ('POSTE_113-11130', 'POSTE_113-11159', 37.395176854210725),\n",
       " ('POSTE_113-11159', 'POSTE_113-11130', 37.395176854210725),\n",
       " ('POSTE_113-11111', 'POSTE_113-11113', 37.994014825309904),\n",
       " ('POSTE_113-11113', 'POSTE_113-11111', 37.994014825309904),\n",
       " ('POSTE_113-1172', 'POSTE_113-1192', 39.408281694052214),\n",
       " ('POSTE_113-1192', 'POSTE_113-1172', 39.408281694052214),\n",
       " ('POSTE_113-1171', 'POSTE_113-1194', 39.42540399780207),\n",
       " ('POSTE_113-1194', 'POSTE_113-1171', 39.42540399780207),\n",
       " ('POSTE_113-1184', 'POSTE_113-1185', 39.82613835748023),\n",
       " ('POSTE_113-1185', 'POSTE_113-1184', 39.82613835748023),\n",
       " ('POSTE_113-11125', 'POSTE_113-11127', 39.96743335280136),\n",
       " ('POSTE_113-11127', 'POSTE_113-11125', 39.96743335280136),\n",
       " ('POSTE_113-1163', 'POSTE_113-1199', 40.56841601706707),\n",
       " ('POSTE_113-1199', 'POSTE_113-1163', 40.56841601706707),\n",
       " ('POSTE_113-11103', 'POSTE_113-11105', 40.63434020836965),\n",
       " ('POSTE_113-11105', 'POSTE_113-11103', 40.63434020836965),\n",
       " ('POSTE_113-1192', 'POSTE_113-1193', 40.684659783526854),\n",
       " ('POSTE_113-1193', 'POSTE_113-1192', 40.684659783526854),\n",
       " ('POSTE_113-1174', 'POSTE_113-11100', 40.814928034745726),\n",
       " ('POSTE_113-11100', 'POSTE_113-1174', 40.814928034745726),\n",
       " ('POSTE_113-1164', 'POSTE_113-1199', 40.8824349585058),\n",
       " ('POSTE_113-1199', 'POSTE_113-1164', 40.8824349585058),\n",
       " ('POSTE_113-1182', 'POSTE_113-1184', 41.12800774091896),\n",
       " ('POSTE_113-1184', 'POSTE_113-1182', 41.12800774091896),\n",
       " ('POSTE_113-1187', 'POSTE_113-11162', 41.62018694800256),\n",
       " ('POSTE_113-11162', 'POSTE_113-1187', 41.62018694800256),\n",
       " ('POSTE_113-1174', 'POSTE_113-1175', 41.778813588579744),\n",
       " ('POSTE_113-1175', 'POSTE_113-1174', 41.778813588579744),\n",
       " ('POSTE_113-1167', 'POSTE_113-1199', 42.012727124615495),\n",
       " ('POSTE_113-1199', 'POSTE_113-1167', 42.012727124615495),\n",
       " ('POSTE_113-1161', 'POSTE_113-11136', 42.048229574232224),\n",
       " ('POSTE_113-11136', 'POSTE_113-1161', 42.048229574232224),\n",
       " ('POSTE_113-11112', 'POSTE_113-11113', 42.08585806093172),\n",
       " ('POSTE_113-11113', 'POSTE_113-11112', 42.08585806093172),\n",
       " ('POSTE_113-11125', 'POSTE_113-11129', 42.178285184079755),\n",
       " ('POSTE_113-11129', 'POSTE_113-11125', 42.178285184079755),\n",
       " ('POSTE_113-1182', 'POSTE_113-1185', 42.43797947216308),\n",
       " ('POSTE_113-1185', 'POSTE_113-1182', 42.43797947216308),\n",
       " ('POSTE_113-1175', 'POSTE_113-1176', 42.94348367920072),\n",
       " ('POSTE_113-1176', 'POSTE_113-1175', 42.94348367920072),\n",
       " ('POSTE_113-1176', 'POSTE_113-11157', 43.422239317873135),\n",
       " ('POSTE_113-11157', 'POSTE_113-1176', 43.422239317873135),\n",
       " ('POSTE_113-1184', 'POSTE_113-11101', 44.40878410164235),\n",
       " ('POSTE_113-11101', 'POSTE_113-1184', 44.40878410164235),\n",
       " ('POSTE_113-11124', 'POSTE_113-11125', 44.72181827354552),\n",
       " ('POSTE_113-11125', 'POSTE_113-11124', 44.72181827354552),\n",
       " ('POSTE_113-1176', 'POSTE_113-11134', 45.50785817012655),\n",
       " ('POSTE_113-11134', 'POSTE_113-1176', 45.50785817012655),\n",
       " ('POSTE_113-11125', 'POSTE_113-11159', 46.2358608344348),\n",
       " ('POSTE_113-11159', 'POSTE_113-11125', 46.2358608344348),\n",
       " ('POSTE_113-1176', 'POSTE_113-1177', 46.319786070371244),\n",
       " ('POSTE_113-1177', 'POSTE_113-1176', 46.319786070371244),\n",
       " ('POSTE_113-11124', 'POSTE_113-11128', 46.573359707208894),\n",
       " ('POSTE_113-11128', 'POSTE_113-11124', 46.573359707208894),\n",
       " ('POSTE_113-1173', 'POSTE_113-1174', 46.78654806110993),\n",
       " ('POSTE_113-1174', 'POSTE_113-1173', 46.78654806110993),\n",
       " ('POSTE_113-11133', 'POSTE_113-11157', 47.08396033852272),\n",
       " ('POSTE_113-11157', 'POSTE_113-11133', 47.08396033852272),\n",
       " ('POSTE_113-1149', 'POSTE_113-11145', 47.55230622164686),\n",
       " ('POSTE_113-11145', 'POSTE_113-1149', 47.55230622164686),\n",
       " ('POSTE_113-1181', 'POSTE_113-11110', 48.298626048681705),\n",
       " ('POSTE_113-11110', 'POSTE_113-1181', 48.298626048681705),\n",
       " ('POSTE_113-1164', 'POSTE_113-11100', 48.33342477051791),\n",
       " ('POSTE_113-11100', 'POSTE_113-1164', 48.33342477051791),\n",
       " ('POSTE_113-11128', 'POSTE_113-11159', 48.94514515181077),\n",
       " ('POSTE_113-11159', 'POSTE_113-11128', 48.94514515181077),\n",
       " ('POSTE_113-1185', 'POSTE_113-11102', 48.965959867836844),\n",
       " ('POSTE_113-11102', 'POSTE_113-1185', 48.965959867836844),\n",
       " ('POSTE_113-11100', 'POSTE_113-11134', 49.372350412215525),\n",
       " ('POSTE_113-11134', 'POSTE_113-11100', 49.372350412215525),\n",
       " ('POSTE_113-11147', 'POSTE_113-11148', 49.39544895213202),\n",
       " ('POSTE_113-11148', 'POSTE_113-11147', 49.39544895213202),\n",
       " ('POSTE_113-1175', 'POSTE_113-11100', 49.512545294110126),\n",
       " ('POSTE_113-11100', 'POSTE_113-1175', 49.512545294110126),\n",
       " ('POSTE_113-1177', 'POSTE_113-1178', 49.91719866968659),\n",
       " ('POSTE_113-1178', 'POSTE_113-1177', 49.91719866968659),\n",
       " ('POSTE_113-1167', 'POSTE_113-1168', 50.551569237099585),\n",
       " ('POSTE_113-1168', 'POSTE_113-1167', 50.551569237099585),\n",
       " ('POSTE_113-1183', 'POSTE_113-1184', 50.93898632602911),\n",
       " ('POSTE_113-1184', 'POSTE_113-1183', 50.93898632602911),\n",
       " ('POSTE_113-11103', 'POSTE_113-11104', 51.17560376971491),\n",
       " ('POSTE_113-11104', 'POSTE_113-11103', 51.17560376971491),\n",
       " ('POSTE_113-11148', 'POSTE_113-11149', 51.26499295685998),\n",
       " ('POSTE_113-11149', 'POSTE_113-11148', 51.26499295685998),\n",
       " ('POSTE_113-1169', 'POSTE_113-1170', 52.85612144578904),\n",
       " ('POSTE_113-1170', 'POSTE_113-1169', 52.85612144578904),\n",
       " ('POSTE_113-1179', 'POSTE_113-1190', 53.56172593591345),\n",
       " ('POSTE_113-1190', 'POSTE_113-1179', 53.56172593591345),\n",
       " ('POSTE_113-1126', 'POSTE_113-11144', 53.79420125853058),\n",
       " ('POSTE_113-11144', 'POSTE_113-1126', 53.79420125853058),\n",
       " ('POSTE_113-11107', 'POSTE_113-11108', 53.89138754165508),\n",
       " ('POSTE_113-11108', 'POSTE_113-11107', 53.89138754165508),\n",
       " ('POSTE_113-11141', 'POSTE_113-11142', 54.56846404300873),\n",
       " ('POSTE_113-11142', 'POSTE_113-11141', 54.56846404300873),\n",
       " ('POSTE_113-1193', 'POSTE_113-1194', 54.71523952849376),\n",
       " ('POSTE_113-1194', 'POSTE_113-1193', 54.71523952849376),\n",
       " ('POSTE_113-1158', 'POSTE_113-1159', 54.82206355323272),\n",
       " ('POSTE_113-1159', 'POSTE_113-1158', 54.82206355323272),\n",
       " ('POSTE_113-1163', 'POSTE_113-1166', 54.89825209458955),\n",
       " ('POSTE_113-1166', 'POSTE_113-1163', 54.89825209458955),\n",
       " ('POSTE_113-1168', 'POSTE_113-11137', 55.129253197234874),\n",
       " ('POSTE_113-11137', 'POSTE_113-1168', 55.129253197234874),\n",
       " ('POSTE_113-1168', 'POSTE_113-1196', 55.18462096555129),\n",
       " ('POSTE_113-1196', 'POSTE_113-1168', 55.18462096555129),\n",
       " ('POSTE_113-1190', 'POSTE_113-11101', 55.347610906122945),\n",
       " ('POSTE_113-11101', 'POSTE_113-1190', 55.347610906122945),\n",
       " ('POSTE_113-11101', 'POSTE_113-11103', 55.42665176610826),\n",
       " ('POSTE_113-11103', 'POSTE_113-11101', 55.42665176610826),\n",
       " ('POSTE_113-1149', 'POSTE_113-11172', 55.50847639304581),\n",
       " ('POSTE_113-11172', 'POSTE_113-1149', 55.50847639304581),\n",
       " ('POSTE_113-11150', 'POSTE_113-11152', 55.650646120182195),\n",
       " ('POSTE_113-11152', 'POSTE_113-11150', 55.650646120182195),\n",
       " ('POSTE_113-11146', 'POSTE_113-11147', 55.801522980780035),\n",
       " ('POSTE_113-11147', 'POSTE_113-11146', 55.801522980780035),\n",
       " ('POSTE_113-11105', 'POSTE_113-11107', 56.537037828977),\n",
       " ('POSTE_113-11107', 'POSTE_113-11105', 56.537037828977),\n",
       " ('POSTE_113-1167', 'POSTE_113-11100', 56.713852568198874),\n",
       " ('POSTE_113-11100', 'POSTE_113-1167', 56.713852568198874),\n",
       " ('POSTE_113-11140', 'POSTE_113-11141', 56.751645362891956),\n",
       " ('POSTE_113-11141', 'POSTE_113-11140', 56.751645362891956),\n",
       " ('POSTE_113-1180', 'POSTE_113-1182', 56.87256451464163),\n",
       " ('POSTE_113-1182', 'POSTE_113-1180', 56.87256451464163),\n",
       " ('POSTE_113-1171', 'POSTE_113-1192', 57.042074536777584),\n",
       " ('POSTE_113-1192', 'POSTE_113-1171', 57.042074536777584),\n",
       " ('POSTE_113-1122', 'POSTE_113-11138', 57.10119141468396),\n",
       " ('POSTE_113-11138', 'POSTE_113-1122', 57.10119141468396),\n",
       " ('POSTE_113-1164', 'POSTE_113-1166', 57.75573521147182),\n",
       " ('POSTE_113-1166', 'POSTE_113-1164', 57.75573521147182),\n",
       " ('POSTE_113-1177', 'POSTE_113-11133', 58.77957176712847),\n",
       " ('POSTE_113-11133', 'POSTE_113-1177', 58.77957176712847),\n",
       " ('POSTE_113-11103', 'POSTE_113-11106', 60.8310295845243),\n",
       " ('POSTE_113-11106', 'POSTE_113-11103', 60.8310295845243),\n",
       " ('POSTE_113-1196', 'POSTE_113-1198', 60.853340155149795),\n",
       " ('POSTE_113-1198', 'POSTE_113-1196', 60.853340155149795),\n",
       " ('POSTE_113-11111', 'POSTE_113-11114', 61.03298723901725),\n",
       " ('POSTE_113-11114', 'POSTE_113-11111', 61.03298723901725),\n",
       " ('POSTE_113-1167', 'POSTE_113-1196', 61.444449342771065),\n",
       " ('POSTE_113-1196', 'POSTE_113-1167', 61.444449342771065),\n",
       " ('POSTE_113-1177', 'POSTE_113-11157', 62.33625758341262),\n",
       " ('POSTE_113-11157', 'POSTE_113-1177', 62.33625758341262),\n",
       " ('POSTE_113-1170', 'POSTE_113-11137', 62.475885660560834),\n",
       " ('POSTE_113-11137', 'POSTE_113-1170', 62.475885660560834),\n",
       " ('POSTE_113-1152', 'POSTE_113-11163', 62.9488095307142),\n",
       " ('POSTE_113-11163', 'POSTE_113-1152', 62.9488095307142),\n",
       " ('POSTE_113-11125', 'POSTE_113-11130', 62.99799520496878),\n",
       " ('POSTE_113-11130', 'POSTE_113-11125', 62.99799520496878),\n",
       " ('POSTE_113-1163', 'POSTE_113-11100', 63.39962658567214),\n",
       " ('POSTE_113-11100', 'POSTE_113-1163', 63.39962658567214),\n",
       " ('POSTE_113-11110', 'POSTE_113-11114', 63.44453655267571),\n",
       " ('POSTE_113-11114', 'POSTE_113-11110', 63.44453655267571),\n",
       " ('POSTE_113-1179', 'POSTE_113-1180', 63.478661398039804),\n",
       " ('POSTE_113-1180', 'POSTE_113-1179', 63.478661398039804),\n",
       " ('POSTE_113-1166', 'POSTE_113-1168', 63.49378624815966),\n",
       " ('POSTE_113-1168', 'POSTE_113-1166', 63.49378624815966),\n",
       " ('POSTE_113-1158', 'POSTE_113-11155', 63.50706029916668),\n",
       " ('POSTE_113-11155', 'POSTE_113-1158', 63.50706029916668),\n",
       " ('POSTE_113-11149', 'POSTE_113-11150', 64.15817967240788),\n",
       " ('POSTE_113-11150', 'POSTE_113-11149', 64.15817967240788),\n",
       " ('POSTE_113-1170', 'POSTE_113-1195', 64.59413326806315),\n",
       " ('POSTE_113-1195', 'POSTE_113-1170', 64.59413326806315),\n",
       " ('POSTE_113-1185', 'POSTE_113-11103', 64.62574312534439),\n",
       " ('POSTE_113-11103', 'POSTE_113-1185', 64.62574312534439),\n",
       " ('POSTE_113-1164', 'POSTE_113-1173', 64.69568972800839),\n",
       " ('POSTE_113-1173', 'POSTE_113-1164', 64.69568972800839),\n",
       " ('POSTE_113-11112', 'POSTE_113-11114', 65.10589564148353),\n",
       " ('POSTE_113-11114', 'POSTE_113-11112', 65.10589564148353),\n",
       " ('POSTE_113-1185', 'POSTE_113-1190', 65.5512473219065),\n",
       " ('POSTE_113-1190', 'POSTE_113-1185', 65.5512473219065),\n",
       " ('POSTE_113-1183', 'POSTE_113-11101', 65.66793578710741),\n",
       " ('POSTE_113-11101', 'POSTE_113-1183', 65.66793578710741),\n",
       " ('POSTE_113-11151', 'POSTE_113-11153', 65.92096174191714),\n",
       " ('POSTE_113-11153', 'POSTE_113-11151', 65.92096174191714),\n",
       " ('POSTE_113-1173', 'POSTE_113-11100', 66.3178015718263),\n",
       " ('POSTE_113-11100', 'POSTE_113-1173', 66.3178015718263),\n",
       " ('POSTE_113-1162', 'POSTE_113-11137', 66.4888197166863),\n",
       " ('POSTE_113-11137', 'POSTE_113-1162', 66.4888197166863),\n",
       " ('POSTE_113-1184', 'POSTE_113-11102', 66.85153795678451),\n",
       " ('POSTE_113-11102', 'POSTE_113-1184', 66.85153795678451),\n",
       " ('POSTE_113-1122', 'POSTE_113-11155', 67.14632233986671),\n",
       " ('POSTE_113-11155', 'POSTE_113-1122', 67.14632233986671),\n",
       " ('POSTE_113-11125', 'POSTE_113-11128', 67.18557153134789),\n",
       " ('POSTE_113-11128', 'POSTE_113-11125', 67.18557153134789),\n",
       " ('POSTE_113-1182', 'POSTE_113-1190', 67.19073662858308),\n",
       " ('POSTE_113-1190', 'POSTE_113-1182', 67.19073662858308),\n",
       " ('POSTE_113-1169', 'POSTE_113-11136', 67.61183490252078),\n",
       " ('POSTE_113-11136', 'POSTE_113-1169', 67.61183490252078),\n",
       " ('POSTE_113-1175', 'POSTE_113-11157', 68.07907335230104),\n",
       " ('POSTE_113-11157', 'POSTE_113-1175', 68.07907335230104),\n",
       " ('POSTE_113-11153', 'POSTE_113-11154', 68.15238972248616),\n",
       " ('POSTE_113-11154', 'POSTE_113-11153', 68.15238972248616),\n",
       " ('POSTE_113-11102', 'POSTE_113-11105', 68.69764517332023),\n",
       " ('POSTE_113-11105', 'POSTE_113-11102', 68.69764517332023),\n",
       " ('POSTE_113-1174', 'POSTE_113-11133', 68.7964879443142),\n",
       " ('POSTE_113-11133', 'POSTE_113-1174', 68.7964879443142),\n",
       " ('POSTE_113-11106', 'POSTE_113-11109', 68.87521478915889),\n",
       " ('POSTE_113-11109', 'POSTE_113-11106', 68.87521478915889),\n",
       " ('POSTE_113-11107', 'POSTE_113-11109', 69.10478786064871),\n",
       " ('POSTE_113-11109', 'POSTE_113-11107', 69.10478786064871),\n",
       " ('POSTE_113-1170', 'POSTE_113-1171', 69.12012005230763),\n",
       " ('POSTE_113-1171', 'POSTE_113-1170', 69.12012005230763),\n",
       " ('POSTE_113-11145', 'POSTE_113-11146', 69.18909648179292),\n",
       " ('POSTE_113-11146', 'POSTE_113-11145', 69.18909648179292),\n",
       " ('POSTE_113-1159', 'POSTE_113-11155', 69.33268185522608),\n",
       " ('POSTE_113-11155', 'POSTE_113-1159', 69.33268185522608),\n",
       " ('POSTE_113-11122', 'POSTE_113-11123', 69.36200406206497),\n",
       " ('POSTE_113-11123', 'POSTE_113-11122', 69.36200406206497),\n",
       " ('POSTE_113-1179', 'POSTE_113-1184', 69.82361397534629),\n",
       " ('POSTE_113-1184', 'POSTE_113-1179', 69.82361397534629),\n",
       " ('POSTE_113-1122', 'POSTE_113-1158', 69.96923782067431),\n",
       " ('POSTE_113-1158', 'POSTE_113-1122', 69.96923782067431),\n",
       " ('POSTE_113-1192', 'POSTE_113-11135', 70.28475517147227),\n",
       " ('POSTE_113-11135', 'POSTE_113-1192', 70.28475517147227),\n",
       " ('POSTE_113-11128', 'POSTE_113-11131', 70.76855204296938),\n",
       " ('POSTE_113-11131', 'POSTE_113-11128', 70.76855204296938),\n",
       " ('POSTE_113-1150', 'POSTE_113-11145', 70.87069105811284),\n",
       " ('POSTE_113-11145', 'POSTE_113-1150', 70.87069105811284),\n",
       " ('POSTE_113-1181', 'POSTE_113-11113', 71.14937273856243),\n",
       " ('POSTE_113-11113', 'POSTE_113-1181', 71.14937273856243),\n",
       " ('POSTE_113-1192', 'POSTE_113-1194', 71.67499571657777),\n",
       " ('POSTE_113-1194', 'POSTE_113-1192', 71.67499571657777),\n",
       " ('POSTE_113-1182', 'POSTE_113-11101', 71.7521781995767),\n",
       " ('POSTE_113-11101', 'POSTE_113-1182', 71.7521781995767),\n",
       " ('POSTE_113-1166', 'POSTE_113-1175', 71.76086389720682),\n",
       " ('POSTE_113-1175', 'POSTE_113-1166', 71.76086389720682),\n",
       " ('POSTE_113-11130', 'POSTE_113-11131', 71.83240752540975),\n",
       " ('POSTE_113-11131', 'POSTE_113-11130', 71.83240752540975),\n",
       " ('POSTE_113-11115', 'POSTE_113-11116', 71.93943298624349),\n",
       " ('POSTE_113-11116', 'POSTE_113-11115', 71.93943298624349),\n",
       " ('POSTE_113-1174', 'POSTE_113-1199', 71.96423582898774),\n",
       " ('POSTE_113-1199', 'POSTE_113-1174', 71.96423582898774),\n",
       " ('POSTE_113-11118', 'POSTE_113-11119', 72.29164453825712),\n",
       " ('POSTE_113-11119', 'POSTE_113-11118', 72.29164453825712),\n",
       " ('POSTE_113-1180', 'POSTE_113-1184', 72.30890005446105),\n",
       " ('POSTE_113-1184', 'POSTE_113-1180', 72.30890005446105),\n",
       " ('POSTE_113-1164', 'POSTE_113-1174', 73.53447662425872),\n",
       " ('POSTE_113-1174', 'POSTE_113-1164', 73.53447662425872),\n",
       " ('POSTE_113-11134', 'POSTE_113-11157', 73.65068387475505),\n",
       " ('POSTE_113-11157', 'POSTE_113-11134', 73.65068387475505),\n",
       " ('POSTE_113-1181', 'POSTE_113-11111', 73.7339382628411),\n",
       " ('POSTE_113-11111', 'POSTE_113-1181', 73.7339382628411),\n",
       " ('POSTE_113-1168', 'POSTE_113-1199', 74.12549254488039),\n",
       " ('POSTE_113-1199', 'POSTE_113-1168', 74.12549254488039),\n",
       " ('POSTE_113-1158', 'POSTE_113-1160', 74.14813127437172),\n",
       " ('POSTE_113-1160', 'POSTE_113-1158', 74.14813127437172),\n",
       " ('POSTE_113-1181', 'POSTE_113-11112', 74.59129011012456),\n",
       " ('POSTE_113-11112', 'POSTE_113-1181', 74.59129011012456),\n",
       " ('POSTE_113-1166', 'POSTE_113-11134', 74.62820329142728),\n",
       " ('POSTE_113-11134', 'POSTE_113-1166', 74.62820329142728),\n",
       " ('POSTE_113-1175', 'POSTE_113-1199', 75.95961365003032),\n",
       " ('POSTE_113-1199', 'POSTE_113-1175', 75.95961365003032),\n",
       " ('POSTE_113-1167', 'POSTE_113-1175', 76.05153969552529),\n",
       " ('POSTE_113-1175', 'POSTE_113-1167', 76.05153969552529),\n",
       " ('POSTE_113-1169', 'POSTE_113-1196', 76.26193922346248),\n",
       " ('POSTE_113-1196', 'POSTE_113-1169', 76.26193922346248),\n",
       " ('POSTE_113-1159', 'POSTE_113-11138', 76.32792994684696),\n",
       " ('POSTE_113-11138', 'POSTE_113-1159', 76.32792994684696),\n",
       " ('POSTE_113-1172', 'POSTE_113-1193', 76.40331629111866),\n",
       " ('POSTE_113-1193', 'POSTE_113-1172', 76.40331629111866),\n",
       " ('POSTE_113-1161', 'POSTE_113-11137', 76.67854292203127),\n",
       " ('POSTE_113-11137', 'POSTE_113-1161', 76.67854292203127),\n",
       " ('POSTE_113-1163', 'POSTE_113-1167', 76.96876214059404),\n",
       " ('POSTE_113-1167', 'POSTE_113-1163', 76.96876214059404),\n",
       " ('POSTE_113-1194', 'POSTE_113-1195', 77.16229018948393),\n",
       " ('POSTE_113-1195', 'POSTE_113-1194', 77.16229018948393),\n",
       " ('POSTE_113-1166', 'POSTE_113-1174', 77.2596196195544),\n",
       " ('POSTE_113-1174', 'POSTE_113-1166', 77.2596196195544),\n",
       " ('POSTE_113-1190', 'POSTE_113-11102', 77.30679465324413),\n",
       " ('POSTE_113-11102', 'POSTE_113-1190', 77.30679465324413),\n",
       " ('POSTE_113-1199', 'POSTE_113-11134', 77.47788877788749),\n",
       " ('POSTE_113-11134', 'POSTE_113-1199', 77.47788877788749),\n",
       " ('POSTE_113-1149', 'POSTE_113-11146', 77.52132720123139),\n",
       " ('POSTE_113-11146', 'POSTE_113-1149', 77.52132720123139),\n",
       " ('POSTE_113-11104', 'POSTE_113-11109', 77.79578886105713),\n",
       " ('POSTE_113-11109', 'POSTE_113-11104', 77.79578886105713),\n",
       " ('POSTE_113-1160', 'POSTE_113-1161', 78.57612550589715),\n",
       " ('POSTE_113-1161', 'POSTE_113-1160', 78.57612550589715),\n",
       " ('POSTE_113-1183', 'POSTE_113-11102', 78.66694603811658),\n",
       " ('POSTE_113-11102', 'POSTE_113-1183', 78.66694603811658),\n",
       " ('POSTE_113-1162', 'POSTE_113-1163', 78.93348589781009),\n",
       " ('POSTE_113-1163', 'POSTE_113-1162', 78.93348589781009),\n",
       " ('POSTE_113-11111', 'POSTE_113-11116', 79.19505006736182),\n",
       " ('POSTE_113-11116', 'POSTE_113-11111', 79.19505006736182),\n",
       " ('POSTE_113-11100', 'POSTE_113-11133', 79.22517595463317),\n",
       " ('POSTE_113-11133', 'POSTE_113-11100', 79.22517595463317),\n",
       " ('POSTE_113-11114', 'POSTE_113-11116', 79.29545478033916),\n",
       " ('POSTE_113-11116', 'POSTE_113-11114', 79.29545478033916),\n",
       " ('POSTE_113-1183', 'POSTE_113-1190', 79.3283261269445),\n",
       " ('POSTE_113-1190', 'POSTE_113-1183', 79.3283261269445),\n",
       " ('POSTE_113-1180', 'POSTE_113-1183', 80.04594364466914),\n",
       " ('POSTE_113-1183', 'POSTE_113-1180', 80.04594364466914),\n",
       " ('POSTE_113-1174', 'POSTE_113-1176', 80.10386936600638),\n",
       " ('POSTE_113-1176', 'POSTE_113-1174', 80.10386936600638),\n",
       " ('POSTE_113-11112', 'POSTE_113-11116', 80.18765712380821),\n",
       " ('POSTE_113-11116', 'POSTE_113-11112', 80.18765712380821),\n",
       " ('POSTE_113-1167', 'POSTE_113-1169', 80.49230968916554),\n",
       " ('POSTE_113-1169', 'POSTE_113-1167', 80.49230968916554),\n",
       " ('POSTE_113-1163', 'POSTE_113-1165', 80.60881250600244),\n",
       " ('POSTE_113-1165', 'POSTE_113-1163', 80.60881250600244),\n",
       " ('POSTE_113-1167', 'POSTE_113-11134', 80.64655961847564),\n",
       " ('POSTE_113-11134', 'POSTE_113-1167', 80.64655961847564),\n",
       " ('POSTE_113-11105', 'POSTE_113-11109', 80.76194413923955),\n",
       " ('POSTE_113-11109', 'POSTE_113-11105', 80.76194413923955),\n",
       " ('POSTE_113-1168', 'POSTE_113-1170', 81.04575178547168),\n",
       " ('POSTE_113-1170', 'POSTE_113-1168', 81.04575178547168),\n",
       " ('POSTE_113-1163', 'POSTE_113-11136', 81.08792607903),\n",
       " ('POSTE_113-11136', 'POSTE_113-1163', 81.08792607903),\n",
       " ('POSTE_113-1180', 'POSTE_113-1190', 81.22793372877034),\n",
       " ('POSTE_113-1190', 'POSTE_113-1180', 81.22793372877034),\n",
       " ('POSTE_113-1170', 'POSTE_113-1193', 81.31905753017892),\n",
       " ('POSTE_113-1193', 'POSTE_113-1170', 81.31905753017892),\n",
       " ('POSTE_113-11112', 'POSTE_113-11117', 81.90101299808681),\n",
       " ('POSTE_113-11117', 'POSTE_113-11112', 81.90101299808681),\n",
       " ('POSTE_113-1164', 'POSTE_113-1165', 81.96882539640487),\n",
       " ('POSTE_113-1165', 'POSTE_113-1164', 81.96882539640487),\n",
       " ('POSTE_113-11106', 'POSTE_113-11108', 82.06930842910062),\n",
       " ('POSTE_113-11108', 'POSTE_113-11106', 82.06930842910062),\n",
       " ('POSTE_113-11111', 'POSTE_113-11117', 82.22326809050213),\n",
       " ('POSTE_113-11117', 'POSTE_113-11111', 82.22326809050213),\n",
       " ('POSTE_113-1164', 'POSTE_113-1167', 82.87463752381032),\n",
       " ('POSTE_113-1167', 'POSTE_113-1164', 82.87463752381032),\n",
       " ('POSTE_113-1173', 'POSTE_113-11134', 83.2380229795511),\n",
       " ('POSTE_113-11134', 'POSTE_113-1173', 83.2380229795511),\n",
       " ('POSTE_113-1168', 'POSTE_113-11136', 83.2575312606481),\n",
       " ('POSTE_113-11136', 'POSTE_113-1168', 83.2575312606481),\n",
       " ('POSTE_113-1171', 'POSTE_113-1195', 83.79227988103041),\n",
       " ('POSTE_113-1195', 'POSTE_113-1171', 83.79227988103041),\n",
       " ('POSTE_113-1180', 'POSTE_113-1181', 83.98756300734301),\n",
       " ('POSTE_113-1181', 'POSTE_113-1180', 83.98756300734301),\n",
       " ('POSTE_113-11138', 'POSTE_113-11155', 83.98928344249998),\n",
       " ('POSTE_113-11155', 'POSTE_113-11138', 83.98928344249998),\n",
       " ('POSTE_113-11102', 'POSTE_113-11104', 84.52041532396937),\n",
       " ('POSTE_113-11104', 'POSTE_113-11102', 84.52041532396937),\n",
       " ('POSTE_113-11138', 'POSTE_113-11139', 84.71759061859282),\n",
       " ('POSTE_113-11139', 'POSTE_113-11138', 84.71759061859282),\n",
       " ('POSTE_113-1123', 'POSTE_113-11143', 85.06516448359419),\n",
       " ('POSTE_113-11143', 'POSTE_113-1123', 85.06516448359419),\n",
       " ('POSTE_113-1172', 'POSTE_113-1194', 85.16758600837115),\n",
       " ('POSTE_113-1194', 'POSTE_113-1172', 85.16758600837115),\n",
       " ('POSTE_113-11103', 'POSTE_113-11107', 85.30360842894099),\n",
       " ('POSTE_113-11107', 'POSTE_113-11103', 85.30360842894099),\n",
       " ('POSTE_113-11113', 'POSTE_113-11116', 85.46288079880888),\n",
       " ('POSTE_113-11116', 'POSTE_113-11113', 85.46288079880888),\n",
       " ('POSTE_113-1168', 'POSTE_113-1197', 85.49231136648618),\n",
